0
1
2
3
4
5
6
7
8
9
10
11
12
13
14
15
16
17
18
19
20
21
22
23
24
25
26
27
28
29
30
31
32
33
34
35
36
37
38
39
40
41
42
43
44
45
46
47
48
49
50
51
52
53
54
55
56
57
58
59
60
61
62
63
64
65
66
67
68
69
70
71
72
73
74
75
76
77
78
79
80
81
82
83
84
85
86
87
88
89
90
91
92
93
94
95
96
97
98
99
100
101
102
103
104
105
106
107
108
109
110
111
112
113
114
115
116
117
118
119
120
121
122
123
124
125
126
127
128
129
130
131
132
133
134
135
136
137
138
139
140
141
142
143
144
145
146
147
148
149
150
151
152
153
154
155
156
157
158
159
160
161
162
163
164
165
166
167
168
169
170
171
172
173
174
175
176
177
178
179
180
181
182
183
184
185
186
187
188
189
190
191
192
193
194
195
196
197
198
199
220
222
223
224
226
227
228
230
231
234
238
239
240
241
242
243
244
246
247
248
250
251
252
253
254
256
257
259
260
262
264
265
266
267
268
269
270
271
272
274
275
276
278
279
280
281
282
283
284
285
286
287
289
290
292
293
294
295
296
297
298
299
301
302
303
304
305
306
308
310
311
313
314
316
317
318
320
322
323
325
326
327
328
329
331
332
333
335
336
337
338
339
340
343
344
345
346
347
351
354
356
357
358
359
361
363
367
368
371
372
373
374
376
377
378
383
384
386
387
388
389
391
394
397
398
399
401
403
404
405
409
413
414
418
419
422
424
425
426
430
432
433
435
440
441
443
446
449
452
453
455
460
461
462
464
468
470
473
474
477
479
481
482
488
489
491
494
496
497
501
502
503
507
508
514
515
521
522
525
533
540
543
546
549
553
555
559
568
569
573
585
590
591
592
599
607
609
610
615
621
624
627
628
629
642
647
650
651
654
662
664
672
675
678
681
682
691
693
694
697
698
706
713
716
719
723
734
740
741
745
749
752
753
755
757
761
762
765
772
776
794
805
811
826
836
844
856
859
860
864
875
879
883
889
892
894
896
897
905
913
918
919
921
922
939
945
950
952
967
970
975
981
982
996
1000
1004
1006
1008
1010
1015
1017
1025
1030
1035
1055
1057
1059
1069
1070
1084
1094
1100
1107
1112
1135
1148
1156
1157
1160
1167
1176
1193
1198
1218
1220
1222
1227
1234
1249
1253
1260
1266
1268
1272
1283
1285
1289
1291
1292
1294
1299
1300
1301
1308
1328
1342
1346
1350
1353
1354
1358
1360
1386
1398
1414
1416
1423
1426
1435
1438
1445
1456
1459
1464
1470
1475
1485
1504
1538
1544
1552
1587
1595
1598
1601
1614
1631
1635
1639
1644
1649
1661
1662
1663
1675
1679
1685
1700
1704
1705
1717
1722
1725
1734
1738
1770
1783
1784
1811
1814
1815
1820
1828
1834
1848
1853
1873
1878
1883
1885
1889
1899
1903
1906
1918
1923
1928
1931
1958
1982
1990
1997
1999
2000
2008
2009
2012
2019
2031
2032
2033
2034
2039
2044
2061
2095
2111
2119
2134
2143
2161
2165
2177
2195
2197
2209
2217
2218
2222
2229
2241
2259
2262
2272
2278
2292
2319
2330
2331
2338
2342
2343
2344
2345
2348
2350
2353
2358
2367
2369
2410
2419
2432
2443
2449
2458
2460
2475
2483
2491
2494
2495
2532
2542
2552
2559
2566
2599
2601
2606
2608
2625
2627
2631
2634
2635
2637
2675
2691
2699
2707
2711
2716
2739
2741
2747
2757
2765
2768
2777
2797
2801
2803
2833
2840
2852
2858
2865
2872
2873
2876
2882
2933
2936
2939
2943
2955
2958
2963
2975
2981
2982
2989
2991
3014
3015
3050
3066
3080
3085
3088
3121
3132
3139
3158
3160
3165
3167
3183
3187
3200
3234
3258
3266
3272
3274
3279
3282
3306
3310
3323
3329
3335
3348
3356
3396
3401
3405
3422
3427
3434
3444
3446
3447
3450
3466
3490
3493
3499
3515
3552
3558
3580
3586
3605
3609
3619
3634
3670
3688
3693
3705
3706
3733
3749
3750
3752
3762
3767
3771
3776
3783
3796
3824
3842
3850
3888
3898
3903
3908
3924
3925
3927
3937
3943
4022
4030
4060
4071
4076
4095
4133
4155
4156
4161
4165
4178
4187
4203
4218
4219
4229
4251
4273
4289
4310
4321
4353
4360
4367
4378
4384
4388
4392
4394
4396
4401
4433
4436
4441
4477
4490
4492
4507
4520
4529
4548
4550
4558
4562
4567
4572
4575
4610
4620
4640
4646
4655
4657
4667
4677
4679
4688
4692
4699
4702
4710
4715
4726
4756
4757
4762
4766
4777
4805
4808
4827
4839
4850
4851
4857
4904
4953
4964
4970
4989
5004
5007
5015
5018
5046
5068
5080
5082
5150
5151
5179
5188
5208
5211
5226
5239
5243
5246
5251
5254
5271
5280
5281
5285
5299
5307
5312
5332
5345
5348
5372
5381
5435
5462
5505
5506
5525
5530
5561
5572
5577
5583
5590
5594
5602
5608
5611
5627
5640
5647
5693
5697
5700
5707
5716
5726
5734
5735
5737
5740
5751
5774
5783
5794
5799
5805
5810
5815
5831
5841
5853
5863
5865
5867
5875
5878
5879
5923
5925
5933
5941
5991
6029
6035
6046
6071
6074
6096
6098
6112
6126
6131
6140
6151
6184
6187
6188
6205
6206
6232
6251
6273
6293
6323
6324
6325
6351
6362
6364
6371
6373
6378
6379
6406
6448
6461
6465
6494
6504
6519
6523
6538
6549
6578
6591
6621
6635
6641
6649
6673
6680
6683
6684
6730
6743
6757
6762
6766
6778
6783
6790
6795
6797
6824
6835
6840
6855
6856
6866
6871
6879
6885
6892
6905
6907
6914
6938
6969
6970
6976
6989
6999
7004
7049
7071
7086
7094
7099
7108
7129
7142
7143
7196
7201
7205
7237
7238
7240
7247
7252
7264
7271
7273
7299
7306
7327
7329
7331
7347
7348
7351
7395
7402
7409
7425
7444
7459
7469
7489
7490
7502
7509
7515
7520
7526
7537
7546
7550
7551
7562
7570
7571
7604
7607
7608
7629
7634
7635
7668
7683
7703
7718
7721
7740
7752
7761
7771
7773
7774
7779
7786
7809
7815
7853
7861
7868
7869
7876
7887
7900
7903
7906
7911
7932
7933
7946
7954
7987
8008
8042
8048
8049
8060
8068
8089
8101
8116
8132
8140
8157
8168
8169
8176
8180
8187
8221
8222
8223
8227
8229
8241
8253
8254
8288
8300
8314
8334
8339
8392
8412
8420
8421
8423
8427
8435
8442
8444
8451
8465
8469
8494
8515
8524
8525
8531
8556
8567
8575
8578
8583
8591
8613
8642
8652
8671
8689
8725
8766
8770
8773
8793
8794
8826
8831
8836
8853
8858
8872
8874
8885
8886
8893
8915
8918
8923
8930
8935
8938
8940
8943
8951
8970
8976
8995
9008
9011
9012
9028
9031
9087
9108
9114
9125
9139
9149
9157
9167
9177
9182
9197
9223
9225
9247
9283
9292
9294
9304
9330
9347
9352
9353
9356
9362
9375
9383
9413
9427
9456
9460
9475
9478
9503
9562
9573
9585
9607
9631
9633
9642
9649
9657
9714
9715
9748
9756
9772
9822
9875
9879
9882
9910
9916
9919
9930
9938
9941
9950
9962
9968
9971
9998
10004
10022
10059
10076
10109
10154
10156
10191
10214
10241
10264
10272
10276
10278
10282
10285
10288
10326
10327
10330
10333
10353
10363
10375
10381
10385
10389
10396
10411
10427
10442
10448
10450
10461
10499
10500
10524
10531
10542
10544
10578
10607
10615
10626
10655
10694
10706
10715
10735
10741
10745
10751
10755
10779
10788
10828
10858
10867
10869
10880
10903
10935
10969
10986
11011
11012
11020
11030
11112
11114
11124
11128
11147
11149
11157
11164
11174
11179
11201
11205
11210
11245
11250
11265
11283
11288
11294
11295
11306
11309
11326
11354
11366
11384
11401
11413
11418
11423
11426
11435
11436
11440
11453
11459
11495
11508
11510
11512
11515
11530
11551
11565
11568
11576
11586
11592
11624
11637
11650
11667
11692
11693
11726
11782
11799
11803
11813
11816
11833
11844
11849
11855
11871
11886
11887
11892
11897
11901
11919
11922
11927
11938
11948
11950
11961
11967
11971
11993
12039
12040
12056
12059
12073
12079
12104
12115
12121
12134
12145
12149
12157
12161
12170
12188
12194
12220
12224
12238
12248
12249
12251
12264
12278
12306
12311
12322
12330
12331
12338
12360
12409
12410
12412
12429
12441
12457
12472
12493
12502
12513
12520
12532
12533
12534
12551
12562
12564
12566
12570
12574
12605
12625
12644
12646
12656
12676
12681
12683
12694
12707
12726
12731
12756
12775
12790
12791
12799
12825
12843
12846
12848
12851
12868
12886
12905
12920
12921
12923
12932
12945
12967
12986
12998
13049
13082
13083
13087
13088
13115
13123
13126
13166
13169
13173
13196
13222
13229
13247
13254
13256
13294
13306
13318
13319
13328
13340
13347
13362
13384
13388
13395
13398
13420
13422
13435
13452
13505
13509
13514
13520
13549
13552
13560
13562
13575
13591
13597
13618
13622
13626
13639
13640
13663
13686
13709
13711
13721
13722
13738
13741
13774
13790
13803
13811
13817
13829
13838
13853
13890
13898
13912
13937
13967
13975
13978
13981
13993
14002
14016
14025
14034
14035
14043
14044
14060
14062
14069
14086
14123
14146
14180
14189
14192
14195
14229
14259
14260
14272
14319
14340
14345
14355
14360
14365
14376
14377
14380
14393
14394
14411
14417
14418
14423
14465
14474
14490
14509
14536
14539
14545
14565
14566
14568
14577
14636
14656
14695
14706
14729
14760
14787
14801
14803
14815
14854
14885
14889
14907
14921
14932
14937
14938
15006
15008
15020
15028
15033
15052
15054
15072
15073
15076
15079
15084
15103
15122
15151
15156
15174
15199
15204
15237
15238
15253
15265
15270
15271
15292
15293
15309
15327
15362
15363
15369
15387
15403
15449
15454
15480
15492
15520
15522
15524
15525
15552
15562
15571
15573
15589
15599
15602
15616
15618
15619
15621
15627
15628
15687
15698
15702
15704
15707
15718
15720
15737
15770
15778
15816
15817
15826
15830
15837
15839
15850
15884
15955
15958
15967
16003
16036
16047
16065
16076
16100
16106
16107
16122
16133
16135
16148
16157
16169
16170
16172
16214
16231
16307
16315
16317
16319
16338
16370
16382
16385
16408
16416
16426
16470
16508
16513
16543
16565
16574
16584
16615
16630
16632
16643
16646
16683
16709
16715
16759
16769
16773
16804
16810
16824
16873
16878
16898
16919
16953
16977
16983
16991
17005
17023
17066
17086
17125
17129
17136
17137
17146
17184
17201
17224
17241
17249
17255
17260
17263
17266
17271
17286
17292
17332
17341
17344
17360
17364
17399
17413
17430
17450
17451
17483
17497
17512
17519
17533
17540
17549
17560
17561
17575
17597
17602
17611
17613
17615
17635
17651
17670
17702
17724
17726
17749
17770
17781
17804
17821
17822
17825
17830
17835
17853
17859
17860
17881
17914
17919
17925
17938
17943
17958
17993
17995
18019
18029
18057
18061
18065
18077
18079
18125
18141
18172
18173
18190
18197
18220
18233
18238
18263
18272
18276
18292
18296
18298
18305
18317
18327
18346
18347
18366
18368
18389
18399
18411
18425
18428
18445
18448
18449
18478
18485
18505
18539
18545
18596
18598
18611
18670
18672
18682
18686
18689
18693
18695
18706
18718
18720
18731
18734
18747
18750
18752
18763
18791
18807
18808
18810
18830
18835
18848
18867
18902
18928
18950
18973
18977
18994
19004
19005
19028
19032
19073
19087
19092
19097
19154
19172
19217
19235
19240
19253
19275
19284
19285
19287
19349
19353
19361
19363
19365
19395
19398
19411
19460
19462
19465
19480
19491
19499
19522
19536
19539
19545
19563
19582
19584
19600
19603
19615
19687
19695
19698
19711
19716
19730
19762
19808
19820
19823
19937
19952
19955
19966
19971
20011
20019
20024
20035
20037
20040
20058
20109
20113
20120
20124
20125
20143
20154
20192
20213
20229
20232
20247
20279
20280
20284
20286
20290
20296
20299
20303
20307
20319
20354
20375
20392
20393
20419
20426
20427
20446
20455
20462
20470
20483
20513
20517
20536
20566
20567
20569
20572
20610
20623
20635
20636
20640
20681
20686
20713
20736
20784
20793
20802
20860
20869
20908
20920
20922
20933
20940
20955
20976
20984
20998
21042
21048
21055
21070
21087
21097
21109
21113
21115
21124
21126
21134
21146
21147
21168
21180
21186
21187
21188
21199
21204
21207
21224
21235
21239
21243
21244
21249
21255
21291
21297
21303
21311
21324
21336
21349
21351
21355
21393
21396
21403
21404
21407
21415
21423
21441
21466
21477
21482
21492
21503
21513
21517
21548
21569
21579
21606
21635
21640
21646
21650
21689
21696
21719
21747
21768
21786
21788
21797
21811
21816
21821
21860
21869
21902
21904
21929
21938
21964
21974
21995
21997
22003
22014
22016
22059
22068
22075
22079
22081
22108
22122
22128
22129
22168
22180
22187
22193
22201
22204
22211
22212
22232
22243
22274
22280
22287
22296
22301
22311
22318
22325
22344
22350
22379
22383
22391
22402
22413
22427
22428
22430
22448
22452
22470
22472
22499
22500
22506
22516
22533
22534
22542
22545
22563
22568
22578
22599
22601
22638
22671
22688
22690
22736
22750
22757
22758
22772
22783
22791
22801
22810
22817
22853
22869
22889
22898
22899
22951
22962
22964
22965
22992
23045
23052
23055
23068
23069
23094
23095
23120
23127
23128
23173
23185
23201
23204
23213
23218
23227
23237
23239
23247
23289
23296
23302
23317
23340
23345
23367
23393
23399
23400
23412
23413
23418
23431
23443
23447
23461
23462
23468
23479
23487
23495
23497
23498
23511
23512
23538
23561
23562
23571
23577
23578
23588
23590
23644
23671
23675
23677
23753
23769
23775
23777
23787
23792
23812
23827
23845
23853
23854
23856
23879
23900
23931
23943
23944
23947
23952
23961
23969
23977
23988
24013
24044
24051
24053
24065
24067
24068
24076
24097
24098
24104
24110
24124
24127
24134
24158
24166
24180
24219
24246
24270
24304
24306
24327
24334
24365
24387
24443
24465
24498
24517
24519
24522
24536
24540
24544
24551
24559
24562
24587
24588
24614
24624
24626
24636
24665
24670
24677
24698
24718
24721
24725
24733
24752
24762
24776
24840
24846
24879
24899
24923
24937
24958
24966
24980
24988
24997
25025
25026
25042
25078
25082
25083
25107
25109
25137
25144
25190
25200
25206
25217
25238
25254
25261
25265
25273
25276
25282
25284
25306
25311
25322
25337
25346
25362
25369
25372
25375
25396
25437
25448
25464
25472
25477
25492
25494
25507
25510
25546
25561
25568
25592
25594
25600
25631
25634
25665
25669
25676
25689
25698
25709
25718
25741
25743
25770
25793
25816
25834
25880
25932
25958
25965
25967
25968
25969
26034
26045
26055
26086
26090
26124
26146
26147
26182
26186
26197
26198
26227
26241
26250
26264
26284
26349
26369
26372
26411
26425
26436
26444
26454
26467
26472
26493
26510
26527
26533
26541
26547
26549
26583
26588
26622
26641
26666
26679
26686
26687
26693
26724
26725
26732
26740
26808
26814
26837
26842
26843
26845
26868
26875
26902
26905
26920
26937
26961
26970
26985
27002
27020
27021
27032
27046
27050
27068
27085
27087
27097
27102
27109
27120
27127
27142
27143
27148
27161
27163
27167
27198
27208
27214
27222
27223
27225
27228
27230
27248
27250
27315
27335
27354
27360
27371
27383
27386
27392
27403
27419
27430
27451
27492
27497
27499
27502
27509
27516
27531
27552
27564
27565
27581
27589
27605
27619
27620
27628
27634
27643
27663
27666
27669
27675
27688
27705
27711
27749
27816
27819
27823
27828
27840
27864
27877
27895
27945
27959
27990
27996
28026
28052
28072
28098
28105
28106
28107
28137
28167
28183
28204
28209
28221
28225
28244
28253
28254
28255
28264
28267
28285
28294
28295
28302
28308
28340
28360
28366
28373
28387
28393
28418
28448
28476
28484
28488
28492
28547
28548
28562
28570
28572
28595
28597
28630
28638
28646
28647
28659
28685
28700
28701
28724
28732
28779
28793
28794
28801
28805
28806
28807
28815
28826
28829
28833
28838
28841
28868
28869
28871
28876
28890
28898
28939
28951
28952
28962
28969
28972
28975
28980
28985
29007
29008
29012
29014
29018
29024
29030
29043
29046
29049
29084
29097
29117
29132
29139
29164
29166
29168
29176
29178
29179
29181
29196
29219
29225
29269
29277
29281
29290
29294
29311
29328
29329
29334
29355
29356
29364
29375
29387
29408
29419
29428
29430
29452
29471
29476
29488
29491
29522
29576
29614
29635
29637
29638
29641
29642
29643
29661
29662
29667
29732
29755
29771
29788
29810
29825
29851
29868
29870
29894
29916
29925
29930
29931
29936
29938
29951
29952
29977
29983
29985
30025
30075
30100
30101
30103
30145
30147
30162
30239
30260
30307
30316
30321
30345
30352
30387
30412
30419
30422
30433
30442
30447
30449
30473
30480
30487
30522
30529
30547
30584
30595
30618
30620
30688
30693
30704
30708
30710
30741
30742
30756
30762
30802
30815
30816
30821
30825
30827
30831
30834
30836
30858
30869
30875
30884
30901
30908
30923
30933
30936
30942
30965
30971
30975
30988
30997
31028
31037
31041
31058
31064
31087
31100
31104
31107
31143
31152
31158
31159
31179
31211
31215
31227
31235
31240
31242
31251
31259
31274
31299
31314
31316
31330
31350
31352
31360
31372
31384
31393
31436
31462
31486
31500
31507
31524
31525
31537
31538
31544
31545
31572
31584
31609
31632
31666
31671
31679
31682
31695
31725
31731
31751
31752
31758
31777
31789
31806
31814
31833
31839
31849
31853
31866
31874
31877
31943
31949
31950
31953
31960
31971
31985
31993
32000
32003
32014
32016
32040
32042
32046
32078
32088
32090
32091
32108
32139
32176
32178
32183
32190
32206
32218
32228
32233
32236
32275
32291
32297
32325
32327
32341
32355
32360
32382
32388
32453
32454
32455
32456
32457
32460
32465
32469
32472
32474
32507
32518
32546
32560
32583
32595
32622
32682
32692
32747
32750
32775
32786
32797
32803
32823
32835
32838
32848
32861
32875
32897
32908
32920
32921
32948
32952
32965
32971
32977
32985
33001
33009
33011
33087
33096
33101
33102
33107
33124
33165
33177
33186
33191
33193
33212
33255
33267
33271
33275
33309
33322
33333
33344
33356
33370
33374
33395
33396
33399
33422
33442
33446
33451
33495
33504
33513
33518
33530
33562
33567
33607
33615
33619
33620
33637
33652
33687
33691
33705
33727
33728
33739
33747
33755
33761
33773
33780
33791
33809
33813
33828
33873
33879
33924
33953
33963
33968
33978
33984
33985
33994
34004
34005
34008
34019
34026
34062
34085
34089
34096
34119
34154
34158
34160
34182
34187
34220
34249
34254
34293
34314
34316
34361
34366
34370
34383
34393
34423
34426
34446
34461
34476
34537
34543
34578
34614
34634
34641
34670
34691
34692
34748
34751
34752
34759
34760
34770
34771
34791
34829
34843
34879
34931
34933
34943
34958
34974
34996
35023
35026
35048
35060
35065
35092
35108
35112
35115
35119
35126
35133
35151
35159
35168
35178
35202
35214
35215
35229
35279
35282
35285
35304
35311
35333
35334
35350
35353
35358
35364
35381
35397
35402
35443
35448
35459
35475
35515
35533
35534
35535
35564
35569
35575
35600
35611
35620
35637
35643
35666
35675
35705
35723
35724
35749
35753
35762
35768
35786
35817
35824
35838
35852
35860
35886
35893
35896
35902
35903
35913
35943
35944
35946
35964
35968
35991
35998
36017
36021
36026
36038
36056
36059
36062
36067
36091
36106
36111
36114
36115
36124
36128
36136
36183
36203
36245
36278
36293
36310
36314
36326
36359
36361
36380
36387
36392
36397
36415
36426
36437
36438
36441
36446
36459
36460
36463
36467
36469
36491
36502
36526
36534
36552
36558
36588
36603
36639
36651
36681
36712
36719
36735
36742
36745
36761
36765
36766
36784
36787
36811
36815
36822
36823
36847
36853
36869
36871
36933
36936
36948
36973
36986
37028
37040
37044
37055
37060
37073
37075
37083
37084
37089
37118
37120
37122
37123
37136
37176
37202
37206
37225
37233
37241
37245
37251
37267
37280
37283
37314
37324
37325
37337
37343
37367
37394
37397
37408
37412
37424
37428
37450
37473
37479
37515
37536
37549
37550
37564
37581
37590
37602
37609
37651
37658
37678
37683
37707
37710
37712
37719
37764
37782
37783
37785
37794
37796
37817
37885
37928
37929
37932
37975
37979
38001
38019
38029
38063
38066
38068
38086
38107
38121
38140
38158
38185
38187
38224
38237
38264
38269
38273
38349
38393
38394
38401
38419
38423
38427
38450
38470
38479
38482
38509
38521
38522
38529
38566
38567
38578
38585
38587
38590
38613
38636
38638
38659
38664
38668
38696
38708
38749
38751
38769
38793
38795
38828
38833
38842
38851
38858
38862
38893
38911
38923
38924
38925
38932
38934
38939
38944
38945
38955
38976
38978
38979
38987
38994
38995
39002
39005
39007
39021
39029
39047
39058
39085
39086
39096
39116
39135
39145
39157
39164
39199
39207
39218
39232
39263
39268
39269
39276
39277
39281
39304
39305
39317
39321
39322
39336
39343
39363
39382
39393
39412
39436
39451
39484
39498
39535
39558
39583
39584
39601
39605
39633
39641
39644
39645
39649
39659
39672
39673
39718
39726
39739
39757
39771
39782
39793
39797
39798
39801
39818
39821
39822
39834
39836
39838
39852
39856
39864
39867
39883
39884
39901
39934
39940
39986
39995
39997
40024
40029
40051
40065
40086
40107
40124
40129
40133
40140
40156
40158
40163
40181
40191
40194
40203
40208
40245
40250
40253
40278
40299
40311
40334
40373
40394
40402
40404
40410
40415
40417
40436
40442
40445
40450
40475
40517
40529
40551
40573
40576
40587
40626
40631
40636
40644
40653
40659
40670
40680
40698
40718
40752
40804
40807
40811
40851
40855
40871
40909
40955
40957
40966
40970
40983
40986
41016
41020
41022
41029
41047
41057
41079
41103
41126
41171
41187
41196
41199
41207
41232
41233
41239
41330
41332
41334
41365
41367
41399
41412
41417
41420
41432
41454
41455
41476
41479
41480
41495
41497
41499
41511
41521
41525
41527
41531
41534
41548
41571
41600
41610
41618
41633
41634
41637
41640
41643
41682
41699
41720
41725
41758
41760
41765
41772
41789
41800
41803
41805
41813
41839
41860
41863
41878
41884
41895
41904
41915
41934
41978
41979
41994
41996
42020
42054
42104
42110
42132
42169
42172
42175
42187
42200
42208
42210
42221
42222
42262
42264
42286
42293
42304
42308
42342
42371
42373
42378
42384
42390
42392
42399
42402
42412
42421
42429
42442
42447
42456
42495
42548
42578
42581
42587
42604
42612
42619
42637
42650
42654
42666
42692
42709
42710
42721
42724
42755
42757
42767
42803
42830
42845
42850
42864
42875
42880
42888
42900
42950
42964
42987
42988
43010
43028
43030
43031
43050
43059
43064
43104
43109
43159
43188
43190
43201
43217
43218
43228
43249
43264
43272
43310
43332
43333
43342
43398
43418
43419
43428
43435
43484
43485
43512
43543
43564
43608
43613
43618
43624
43632
43635
43666
43670
43677
43689
43708
43712
43726
43734
43743
43745
43749
43768
43775
43809
43829
43862
43876
43882
43922
43923
43956
43963
43968
43971
43980
43985
43992
43993
44013
44016
44045
44063
44064
44080
44101
44107
44122
44130
44149
44156
44159
44163
44177
44178
44205
44213
44231
44238
44240
44241
44253
44274
44278
44312
44322
44327
44340
44342
44356
44367
44379
44382
44391
44396
44397
44402
44403
44405
44416
44436
44437
44443
44447
44459
44477
44481
44485
44488
44503
44509
44527
44539
44543
44552
44569
44570
44572
44583
44617
44620
44633
44651
44660
44662
44673
44683
44707
44780
44799
44800
44803
44804
44815
44819
44827
44873
44874
44875
44907
44934
44935
44938
44966
44967
44971
44973
44986
45009
45010
45015
45051
45097
45104
45120
45131
45156
45165
45210
45230
45234
45237
45239
45244
45246
45247
45284
45288
45305
45309
45330
45356
45363
45384
45414
45453
45454
45462
45463
45491
45503
45540
45566
45593
45602
45605
45607
45608
45609
45621
45628
45629
45656
45680
45683
45689
45735
45744
45746
45751
45753
45754
45799
45832
45852
45853
45868
45884
45926
45930
45941
45961
45984
45999
46004
46023
46047
46062
46081
46095
46103
46116
46144
46147
46155
46157
46176
46180
46185
46186
46212
46256
46263
46270
46300
46308
46319
46357
46373
46376
46379
46384
46398
46403
46441
46442
46450
46458
46476
46484
46536
46584
46611
46630
46647
46660
46666
46683
46697
46718
46732
46745
46773
46774
46779
46780
46802
46825
46841
46843
46872
46888
46928
46929
46937
46944
46945
46996
46998
47044
47054
47065
47075
47079
47083
47101
47105
47106
47136
47147
47206
47220
47226
47247
47250
47251
47264
47266
47281
47298
47306
47310
47311
47318
47334
47357
47359
47369
47392
47396
47399
47471
47483
47510
47526
47535
47541
47547
47553
47565
47573
47586
47647
47667
47677
47678
47697
47704
47718
47720
47758
47772
47779
47813
47819
47832
47841
47842
47849
47859
47865
47867
47880
47963
47988
48001
48007
48013
48018
48019
48031
48040
48048
48061
48062
48078
48087
48098
48110
48111
48123
48140
48179
48181
48182
48206
48231
48264
48271
48272
48290
48301
48303
48317
48325
48338
48346
48357
48375
48390
48395
48396
48417
48418
48430
48431
48446
48453
48462
48488
48493
48503
48513
48528
48530
48536
48554
48562
48573
48580
48582
48596
48609
48632
48635
48645
48647
48702
48708
48717
48729
48732
48740
48769
48777
48799
48805
48809
48828
48877
48885
48891
48902
48917
48941
48971
48972
48979
48984
48991
49009
49039
49064
49102
49154
49167
49189
49190
49193
49204
49221
49233
49248
49305
49335
49343
49370
49381
49405
49483
49491
49493
49497
49514
49519
49529
49560
49578
49579
49581
49612
49613
49630
49634
49635
49652
49664
49685
49721
49732
49785
49791
49826
49829
49847
49863
49874
49895
49914
49918
49938
49941
49942
49979
49980
49994
49997
49998
50019
50022
50025
50074
50091
50096
50106
50124
50125
50150
50156
50161
50175
50176
50190
50211
50226
50233
50236
50237
50257
50258
50259
50263
50358
50359
50360
50361
50362
50363